307.0
301.0
309.0
320.0
305.0
320.0
328.0
314.0
346.0
318.0
343.0
341.0
317.0
302.0
338.0
301.0
301.0
313.0
328.0
311.0
314.0
315.0
325.0
333.0
311.0
369.0
303.0
397.0
311.0
312.0
336.0
353.0
312.0
383.0
542.0
318.0
337.0
320.0
479.0
305.0
340.0
642.0
516.0
320.0
486.0
312.0
383.0
578.0
320.0
540.0
310.0
387.0
301.0
379.0
309.0
364.0
477.0
344.0
319.0
343.0
656.0
303.0
344.0
655.0
308.0
338.0
324.0
333.0
655.0
312.0
616.0
717.0
475.0
742.0
796.0
802.0
310.0
700.0
307.0
531.0
675.0
660.0
307.0
351.0
672.0
307.0
374.0
305.0
390.0
706.0
323.0
414.0
301.0
435.0
725.0
726.0
304.0
432.0
419.0
477.0
688.0
686.0
927.0
424.0
672.0
304.0
360.0
682.0
920.0
459.0
696.0
944.0
463.0
558.0
313.0
311.0
415.0
307.0
412.0
332.0
383.0
308.0
398.0
304.0
401.0
701.0
304.0
391.0
329.0
354.0
692.0
671.0
676.0
675.0
922.0
443.0
773.0
459.0
919.0
388.0
647.0
313.0
597.0
420.0
693.0
302.0
406.0
756.0
307.0
452.0
760.0
763.0
757.0
306.0
415.0
442.0
714.0
662.0
421.0
680.0
307.0
652.0
658.0
405.0
662.0
677.0
675.0
687.0
716.0
789.0
793.0
307.0
317.0
419.0
737.0
740.0
996.0
699.0
507.0
752.0
311.0
693.0
719.0
720.0
522.0
984.0
715.0
466.0
798.0
481.0
778.0
1023.0
756.0
527.0
754.0
985.0
721.0
473.0
302.0
383.0
676.0
310.0
353.0
308.0
1788.0
2065.0
681.0
1376.0
704.0
561.0
817.0
1080.0
575.0
772.0
1538.0
759.0
760.0
762.0
706.0
529.0
708.0
306.0
666.0
664.0
715.0
718.0
684.0
479.0
458.0
338.0
563.0
312.0
440.0
748.0
738.0
327.0
614.0
456.0
678.0
665.0
312.0
354.0
322.0
336.0
539.0
316.0
544.0
318.0
479.0
596.0
678.0
328.0
349.0
547.0
318.0
382.0
320.0
535.0
740.0
320.0
450.0
696.0
312.0
663.0
320.0
347.0
322.0
440.0
494.0
399.0
337.0
602.0
304.0
353.0
649.0
505.0
343.0
461.0
694.0
309.0
411.0
745.0
314.0
485.0
786.0
310.0
384.0
303.0
498.0
314.0
580.0
340.0
409.0
581.0
740.0
309.0
395.0
698.0
679.0
307.0
630.0
706.0
417.0
699.0
720.0
311.0
418.0
318.0
392.0
711.0
730.0
536.0
318.0
414.0
738.0
739.0
983.0
480.0
703.0
694.0
328.0
355.0
656.0
330.0
318.0
512.0
321.0
463.0
897.0
456.0
672.0
318.0
367.0
316.0
382.0
315.0
360.0
310.0
322.0
524.0
341.0
341.0
344.0
337.0
353.0
348.0
343.0
379.0
324.0
392.0
337.0
325.0
381.0
358.0
355.0
344.0
360.0
338.0
304.0
316.0
321.0
309.0
312.0
372.0
498.0
339.0
342.0
373.0
701.0
305.0
388.0
334.0
360.0
339.0
364.0
559.0
337.0
365.0
326.0
333.0
317.0
366.0
319.0
514.0
314.0
306.0
378.0
697.0
719.0
750.0
795.0
792.0
307.0
508.0
813.0
1058.0
529.0
772.0
320.0
424.0
318.0
389.0
301.0
431.0
314.0
416.0
311.0
402.0
671.0
311.0
360.0
522.0
340.0
482.0
319.0
376.0
699.0
720.0
719.0
726.0
773.0
797.0
309.0
647.0
328.0
385.0
723.0
946.0
496.0
712.0
724.0
741.0
727.0
736.0
747.0
738.0
323.0
410.0
707.0
505.0
759.0
500.0
725.0
955.0
717.0
444.0
309.0
371.0
919.0
443.0
323.0
351.0
673.0
307.0
385.0
727.0
713.0
846.0
701.0
656.0
620.0
660.0
461.0
307.0
614.0
644.0
697.0
614.0
659.0
703.0
701.0
657.0
757.0
757.0
754.0
983.0
465.0
321.0
369.0
303.0
366.0
675.0
903.0
636.0
458.0
302.0
601.0
700.0
641.0
494.0
497.0
683.0
740.0
758.0
640.0
500.0
936.0
719.0
686.0
457.0
919.0
715.0
723.0
442.0
718.0
1851.0
720.0
2022.0
6056.0
2160.0
739.0
761.0
1458.0
719.0
719.0
1339.0
676.0
665.0
323.0
2215.0
5420.0
1415.0
1388.0
642.0
678.0
663.0
614.0
626.0
1973.0
703.0
1457.0
780.0
820.0
607.0
633.0
479.0
957.0
762.0
680.0
499.0
698.0
956.0
682.0
419.0
899.0
701.0
695.0
659.0
448.0
707.0
680.0
899.0
439.0
885.0
696.0
459.0
306.0
397.0
721.0
753.0
305.0
672.0
503.0
735.0
1435.0
517.0
724.0
898.0
755.0
700.0
421.0
677.0
703.0
1000.0
519.0
777.0
996.0
600.0
621.0
315.0
414.0
695.0
688.0
673.0
664.0
662.0
657.0
658.0
673.0
705.0
699.0
720.0
739.0
838.0
683.0
674.0
647.0
639.0
632.0
486.0
310.0
345.0
303.0
500.0
674.0
679.0
686.0
690.0
905.0
427.0
310.0
321.0
780.0
785.0
788.0
946.0
497.0
699.0
714.0
722.0
308.0
389.0
705.0
717.0
743.0
713.0
597.0
760.0
699.0
541.0
979.0
719.0
502.0
953.0
764.0
674.0
463.0
308.0
369.0
662.0
661.0
674.0
306.0
765.0
312.0
439.0
760.0
322.0
302.0
313.0
462.0
304.0
458.0
307.0
466.0
483.0
321.0
308.0
429.0
322.0
543.0
578.0
313.0
385.0
501.0
337.0
377.0
546.0
751.0
737.0
752.0
737.0
313.0
309.0
320.0
473.0
678.0
666.0
313.0
361.0
302.0
374.0
663.0
670.0
669.0
305.0
768.0
962.0
519.0
700.0
326.0
371.0
700.0
312.0
628.0
474.0
712.0
728.0
304.0
438.0
308.0
411.0
761.0
529.0
657.0
817.0
767.0
750.0
321.0
396.0
680.0
664.0
662.0
535.0
302.0
518.0
691.0
720.0
745.0
767.0
333.0
593.0
764.0
742.0
716.0
695.0
701.0
701.0
921.0
460.0
674.0
923.0
676.0
429.0
694.0
325.0
677.0
478.0
305.0
373.0
668.0
305.0
592.0
436.0
662.0
657.0
923.0
659.0
398.0
641.0
661.0
304.0
635.0
3091.0
3035.0
760.0
2136.0
12388.0
669.0
680.0
1319.0
641.0
643.0
2075.0
680.0
755.0
1402.0
759.0
759.0
1418.0
719.0
2636.0
640.0
659.0
660.0
616.0
424.0
648.0
317.0
478.0
698.0
699.0
619.0
681.0
660.0
439.0
898.0
624.0
671.0
626.0
1375.0
660.0
461.0
861.0
622.0
995.0
778.0
485.0
325.0
612.0
658.0
642.0
601.0
637.0
662.0
700.0
679.0
739.0
944.0
719.0
718.0
743.0
780.0
1478.0
761.0
2256.0
721.0
738.0
504.0
1020.0
749.0
715.0
677.0
624.0
476.0
860.0
722.0
652.0
662.0
424.0
306.0
590.0
663.0
654.0
467.0
321.0
937.0
699.0
640.0
705.0
719.0
1415.0
595.0
688.0
456.0
863.0
658.0
402.0
834.0
541.0
561.0
775.0
983.0
735.0
524.0
709.0
933.0
701.0
496.0
679.0
903.0
719.0
460.0
885.0
707.0
694.0
694.0
306.0
395.0
924.0
678.0
494.0
704.0
738.0
717.0
724.0
729.0
911.0
304.0
540.0
306.0
352.0
307.0
448.0
629.0
629.0
625.0
619.0
636.0
305.0
337.0
301.0
340.0
638.0
640.0
624.0
628.0
630.0
883.0
703.0
694.0
701.0
720.0
700.0
693.0
701.0
305.0
416.0
746.0
742.0
784.0
808.0
815.0
430.0
781.0
819.0
739.0
724.0
758.0
760.0
697.0
681.0
476.0
311.0
375.0
304.0
615.0
455.0
681.0
927.0
516.0
901.0
495.0
301.0
405.0
718.0
697.0
329.0
355.0
679.0
326.0
350.0
310.0
591.0
423.0
654.0
646.0
304.0
614.0
327.0
511.0
911.0
680.0
637.0
458.0
309.0
556.0
657.0
602.0
615.0
622.0
1300.0
599.0
465.0
884.0
683.0
940.0
878.0
836.0
815.0
308.0
478.0
740.0
718.0
564.0
321.0
514.0
885.0
661.0
460.0
606.0
572.0
313.0
517.0
311.0
379.0
323.0
362.0
678.0
674.0
669.0
676.0
676.0
665.0
676.0
564.0
417.0
400.0
684.0
792.0
706.0
911.0
682.0
541.0
702.0
327.0
571.0
724.0
679.0
680.0
698.0
718.0
720.0
500.0
686.0
517.0
721.0
920.0
485.0
679.0
901.0
676.0
1341.0
698.0
703.0
779.0
782.0
6978.0
26051.0
570.0
623.0
608.0
657.0
603.0
633.0
611.0
5643.0
796.0
762.0
762.0
60931.0
195832.0
701.0
5959.0
699.0
724.0
1414.0
30349.0
51273.0
922.0
2458.0
743.0
5678.0
1616.0
784.0
27705.0
