ID	age	sex	investigator	location	emotion	responserating	RTrating	choiceHistory	current_time	coreTrialStart
49	35	female	8	Probraum	awareSave_gun.png	100	24.096	[(None, 0.0), (100, 24.096)]	13:54:33.580077	3046.234
49	35	female	8	Probraum	awareSave_phone.png	100	8.587	[(None, 0.0), (100, 0.003), (100, 8.587)]	13:54:33.580077	3046.234
49	35	female	8	Probraum	awarecontrolguy.png	50	11.213	[(None, 0.0), (100, 0.003), (99, 4.799), (98, 4.865), (97, 4.966), (96, 5.048), (95, 5.115), (94, 5.199), (93, 6.429), (92, 6.515), (91, 6.598), (90, 6.664), (89, 6.765), (88, 6.848), (87, 6.928), (86, 6.997), (85, 7.079), (84, 7.164), (83, 7.248), (82, 7.314), (81, 7.379), (80, 7.428), (79, 7.463), (78, 7.497), (77, 7.528), (76, 7.563), (75, 7.614), (74, 7.628), (73, 7.663), (72, 7.714), (71, 7.747), (70, 7.778), (69, 7.814), (68, 7.864), (67, 7.897), (66, 7.928), (65, 7.964), (64, 7.997), (63, 8.048), (62, 8.063), (61, 8.113), (60, 8.765), (59, 8.847), (58, 8.928), (57, 9.314), (56, 9.415), (55, 9.478), (54, 9.578), (53, 10.064), (52, 10.148), (51, 10.228), (50, 10.315), (50, 11.213)]	13:54:33.580077	3046.234
49	35	female	8	Probraum	awareguycaro.png	64	8.307	[(None, 0.0), (50, 0.003), (49, 0.011), (48, 0.087), (49, 1.924), (50, 2.007), (51, 5.587), (52, 5.674), (53, 5.774), (54, 5.857), (55, 5.923), (56, 6.007), (57, 6.088), (58, 6.938), (59, 6.987), (60, 7.087), (61, 7.174), (62, 7.257), (63, 7.338), (64, 7.407), (64, 8.307)]	13:54:33.580077	3046.234
49	35	female	8	Probraum	awarelayers3__0001s_0004_Op_HandBack.png	48	6.701	[(None, 0.0), (64, 0.004), (63, 2.855), (62, 2.936), (61, 3.037), (60, 3.101), (59, 3.202), (58, 3.601), (57, 3.688), (56, 3.77), (55, 3.851), (54, 3.937), (53, 4.337), (52, 4.42), (51, 4.501), (50, 5.987), (49, 6.051), (48, 6.137), (48, 6.701)]	13:54:33.580077	3046.234
49	35	female	8	Probraum	awarelayers3__0001s_0003_Op_Phone.png	0	8.453	[(None, 0.0), (48, 0.003), (47, 1.887), (46, 1.968), (45, 2.037), (44, 2.118), (43, 2.219), (42, 2.304), (41, 2.368), (40, 2.454), (39, 2.537), (38, 2.618), (37, 2.704), (36, 2.768), (35, 2.854), (34, 2.903), (33, 2.953), (32, 2.987), (31, 3.018), (30, 3.053), (29, 3.103), (28, 3.118), (27, 3.168), (26, 3.203), (25, 3.237), (24, 3.268), (23, 3.303), (22, 3.336), (21, 3.386), (20, 3.418), (19, 3.454), (18, 3.486), (17, 3.518), (16, 3.554), (15, 3.603), (14, 3.618), (13, 3.668), (12, 3.703), (11, 3.737), (10, 3.768), (9, 3.818), (8, 3.853), (7, 3.887), (6, 3.918), (5, 3.953), (4, 4.003), (3, 4.018), (2, 4.053), (1, 4.103), (0, 4.137), (0, 8.453)]	13:54:33.580077	3046.234
49	35	female	8	Probraum	awarelayers3__0001s_0002_Op_Gun.png	85	5.537	[(None, 0.0), (0, 0.003), (1, 1.837), (2, 1.923), (3, 2.006), (4, 2.087), (5, 2.157), (6, 2.237), (7, 2.323), (8, 2.407), (9, 2.437), (10, 2.472), (11, 2.506), (12, 2.537), (13, 2.572), (14, 2.606), (15, 2.656), (16, 2.687), (17, 2.722), (18, 2.756), (19, 2.787), (20, 2.837), (21, 2.873), (22, 2.887), (23, 2.937), (24, 2.973), (25, 3.006), (26, 3.037), (27, 3.087), (28, 3.124), (29, 3.163), (30, 3.187), (31, 3.237), (32, 3.272), (33, 3.307), (34, 3.337), (35, 3.372), (36, 3.422), (37, 3.437), (38, 3.472), (39, 3.522), (40, 3.556), (41, 3.587), (42, 3.637), (43, 3.656), (44, 3.687), (45, 3.737), (46, 3.773), (47, 3.806), (48, 3.837), (49, 3.873), (50, 3.923), (51, 3.956), (52, 3.987), (53, 4.023), (54, 4.072), (55, 4.087), (56, 4.122), (57, 4.173), (58, 4.206), (59, 4.237), (60, 4.272), (61, 4.306), (62, 4.356), (63, 4.387), (64, 4.422), (65, 4.456), (66, 4.487), (67, 4.522), (68, 4.556), (69, 4.587), (70, 4.637), (71, 4.673), (72, 4.705), (73, 4.737), (74, 4.787), (75, 4.823), (76, 4.837), (77, 4.887), (78, 4.923), (79, 4.956), (80, 4.987), (81, 5.022), (82, 5.073), (83, 5.106), (84, 5.137), (85, 5.172), (85, 5.537)]	13:54:33.580077	3046.234
49	35	female	8	Probraum	awareblue.PNG	100	10.509	[(None, 0.0), (85, 0.004), (84, 4.293), (83, 4.374), (82, 4.443), (81, 4.524), (80, 4.993), (79, 5.074), (78, 5.159), (77, 5.224), (76, 5.324), (77, 6.074), (78, 6.16), (79, 6.243), (80, 6.324), (81, 6.409), (82, 6.493), (83, 6.574), (84, 6.643), (85, 6.724), (86, 6.81), (87, 6.893), (88, 6.974), (89, 7.023), (90, 7.074), (91, 7.109), (92, 7.159), (93, 7.174), (94, 7.224), (95, 7.259), (96, 7.293), (97, 7.323), (98, 7.359), (99, 7.409), (100, 7.443), (100, 10.509)]	13:54:33.580077	3046.234
49	35	female	8	Probraum	awareyellow.PNG	0	9.715	[(None, 0.0), (100, 0.003), (99, 1.567), (98, 1.666), (97, 1.73), (96, 1.83), (95, 1.899), (94, 1.981), (93, 2.066), (92, 2.116), (91, 2.149), (90, 2.199), (89, 2.23), (88, 2.266), (87, 2.316), (86, 2.33), (85, 2.365), (84, 2.416), (83, 2.449), (82, 2.48), (81, 2.515), (80, 2.549), (79, 2.599), (78, 2.63), (77, 2.665), (76, 2.699), (75, 2.73), (74, 2.765), (73, 2.799), (72, 2.849), (71, 2.881), (70, 2.915), (69, 2.949), (68, 2.98), (67, 3.03), (66, 3.066), (65, 3.08), (64, 3.13), (63, 3.166), (62, 3.199), (61, 3.23), (60, 3.266), (59, 3.316), (58, 3.349), (57, 3.38), (56, 3.415), (55, 3.465), (54, 3.499), (53, 3.53), (52, 3.565), (51, 3.599), (50, 3.63), (49, 3.666), (48, 3.716), (47, 3.73), (46, 3.78), (45, 3.816), (44, 3.849), (43, 3.88), (42, 3.93), (41, 3.965), (40, 3.999), (39, 4.03), (38, 4.065), (37, 4.115), (36, 4.165), (35, 4.198), (34, 4.23), (33, 4.28), (32, 4.315), (31, 4.349), (30, 4.38), (29, 4.43), (28, 4.466), (27, 4.48), (26, 4.53), (25, 4.566), (24, 4.599), (23, 4.63), (22, 4.68), (21, 4.716), (20, 4.749), (19, 4.78), (18, 4.815), (17, 4.865), (16, 4.88), (15, 4.915), (14, 4.965), (13, 5.002), (12, 5.03), (11, 5.065), (10, 5.116), (9, 5.149), (8, 5.18), (7, 5.215), (6, 5.249), (5, 5.28), (4, 5.315), (3, 5.349), (2, 5.399), (1, 5.43), (0, 5.465), (0, 9.715)]	13:54:33.580077	3046.234
49	35	female	8	Probraum	awareblack.PNG	100	9.099	[(None, 0.0), (0, 0.003), (1, 1.566), (2, 1.65), (3, 1.731), (4, 1.816), (5, 1.881), (6, 1.967), (7, 2.05), (8, 2.131), (9, 2.217), (10, 2.266), (11, 2.316), (12, 2.349), (13, 2.38), (14, 2.416), (15, 2.449), (16, 2.48), (17, 2.516), (18, 2.567), (19, 2.599), (20, 2.63), (21, 2.666), (22, 2.7), (23, 2.73), (24, 2.766), (25, 2.816), (26, 2.85), (27, 2.88), (28, 2.916), (29, 2.949), (30, 2.98), (31, 3.031), (32, 3.066), (33, 3.099), (34, 3.13), (35, 3.181), (36, 3.216), (37, 3.249), (38, 3.28), (39, 3.316), (40, 3.349), (41, 3.399), (42, 3.43), (43, 3.466), (44, 3.499), (45, 3.53), (46, 3.58), (47, 3.616), (48, 3.63), (49, 3.68), (50, 3.716), (51, 3.75), (52, 3.78), (53, 3.815), (54, 3.866), (55, 3.9), (56, 3.93), (57, 3.966), (58, 4.016), (59, 4.031), (60, 4.065), (61, 4.117), (62, 4.149), (63, 4.181), (64, 4.216), (65, 4.249), (66, 4.299), (67, 4.33), (68, 4.366), (69, 4.399), (70, 4.43), (71, 4.466), (72, 4.499), (73, 4.549), (74, 4.58), (75, 4.616), (76, 4.65), (77, 4.68), (78, 4.716), (79, 4.766), (80, 4.78), (81, 4.83), (82, 4.866), (83, 4.9), (84, 4.93), (85, 4.98), (86, 5.015), (87, 5.049), (88, 5.08), (89, 5.116), (90, 5.149), (91, 5.199), (92, 5.231), (93, 5.266), (94, 5.299), (95, 5.33), (96, 5.38), (97, 5.416), (98, 5.43), (99, 5.481), (100, 5.516), (100, 9.099)]	13:54:33.580077	3046.234
49	35	female	8	Probraum	verantwortlich	24	7.591	[(None, 0.0), (24, 7.591)]	04/08/22:14:36:36.317964	5568.968
49	35	female	8	Probraum	glücklich	11	2.636	[(None, 0.0), (24, 0.003), (23, 1.218), (22, 1.303), (21, 1.402), (20, 1.467), (19, 1.551), (18, 1.635), (17, 1.717), (16, 1.785), (15, 1.867), (14, 1.951), (13, 2.052), (12, 2.117), (11, 2.203), (11, 2.636)]	04/08/22:14:36:36.317964	5568.968
49	35	female	8	Probraum	traurig	11	2.7	[(None, 0.0), (11, 0.004), (11, 2.7)]	04/08/22:14:36:36.317964	5568.968
49	35	female	8	Probraum	bedroht	11	2.018	[(None, 0.0), (11, 0.003), (11, 2.018)]	04/08/22:14:36:36.317964	5568.968
49	35	female	8	Probraum	fokussiert	67	4.601	[(None, 0.0), (11, 0.003), (12, 1.716), (13, 1.802), (14, 1.885), (15, 1.952), (16, 2.052), (17, 2.135), (18, 2.202), (19, 2.285), (20, 2.366), (21, 2.452), (22, 2.536), (23, 2.617), (24, 2.702), (25, 2.751), (26, 2.766), (27, 2.82), (28, 2.851), (29, 2.884), (30, 2.916), (31, 2.952), (32, 3.002), (33, 3.016), (34, 3.051), (35, 3.1), (36, 3.134), (37, 3.165), (38, 3.201), (39, 3.251), (40, 3.284), (41, 3.316), (42, 3.351), (43, 3.385), (44, 3.436), (45, 3.451), (46, 3.501), (47, 3.535), (48, 3.566), (49, 3.601), (50, 3.652), (51, 3.666), (52, 3.716), (53, 3.752), (54, 3.785), (55, 3.816), (56, 3.851), (57, 3.884), (58, 3.935), (59, 3.966), (60, 4.001), (61, 4.035), (62, 4.066), (63, 4.116), (64, 4.151), (65, 4.184), (66, 4.216), (67, 4.251), (67, 4.601)]	04/08/22:14:36:36.317964	5568.968
49	35	female	8	Probraum	angespannt	99	3.435	[(None, 0.0), (67, 0.003), (68, 1.22), (69, 1.301), (70, 1.386), (71, 1.47), (72, 1.535), (73, 1.62), (74, 1.7), (75, 1.8), (76, 1.869), (77, 1.95), (78, 2.036), (79, 2.12), (80, 2.186), (81, 2.27), (82, 2.3), (83, 2.335), (84, 2.369), (85, 2.4), (86, 2.435), (87, 2.486), (88, 2.5), (89, 2.55), (90, 2.585), (91, 2.619), (92, 2.669), (93, 2.684), (94, 2.735), (95, 2.768), (96, 2.8), (97, 2.835), (98, 2.869), (99, 2.919), (99, 3.435)]	04/08/22:14:36:36.317964	5568.968
49	35	female	8	Probraum	hilflos	3	9.0	[(None, 0.0), (99, 0.003), (98, 1.769), (97, 1.851), (96, 1.936), (95, 2.0), (94, 2.086), (93, 2.168), (92, 2.25), (91, 2.336), (90, 2.42), (89, 2.5), (88, 2.586), (87, 2.669), (86, 2.735), (85, 2.769), (84, 2.823), (83, 2.85), (82, 2.884), (81, 2.918), (80, 2.949), (79, 3.0), (78, 3.034), (77, 3.05), (76, 3.1), (75, 3.138), (74, 3.168), (73, 3.199), (72, 3.25), (71, 3.285), (70, 3.319), (69, 3.349), (68, 3.384), (67, 3.436), (66, 3.45), (65, 3.485), (64, 3.534), (63, 3.568), (62, 3.6), (61, 3.635), (60, 3.686), (59, 3.718), (58, 3.754), (57, 3.787), (56, 3.818), (55, 3.868), (54, 3.885), (53, 3.918), (52, 3.967), (51, 4.003), (50, 4.036), (49, 4.067), (48, 4.103), (47, 4.135), (46, 4.187), (45, 4.201), (44, 4.249), (43, 4.284), (42, 4.318), (41, 4.349), (40, 4.401), (39, 4.435), (38, 4.468), (37, 4.5), (36, 4.535), (35, 4.568), (34, 4.618), (33, 4.65), (32, 4.686), (31, 4.718), (30, 4.769), (29, 4.8), (28, 4.835), (27, 4.867), (26, 4.903), (25, 4.935), (24, 4.989), (23, 5.003), (22, 5.05), (21, 5.085), (20, 5.119), (19, 5.15), (18, 5.185), (17, 5.235), (16, 5.268), (15, 5.299), (14, 5.335), (13, 5.368), (12, 5.384), (11, 5.435), (10, 5.468), (9, 5.5), (8, 5.536), (2, 8.251), (3, 8.319), (3, 9.0)]	04/08/22:14:36:36.317964	5568.968
49	35	female	8	Probraum	ruhig	60	4.717	[(None, 0.0), (3, 0.004), (4, 1.968), (5, 2.033), (6, 2.133), (7, 2.201), (8, 2.301), (9, 2.369), (10, 2.452), (11, 2.532), (12, 2.618), (13, 2.702), (14, 2.783), (15, 2.868), (16, 2.933), (17, 2.983), (18, 3.018), (19, 3.032), (20, 3.083), (21, 3.118), (22, 3.15), (23, 3.182), (24, 3.233), (25, 3.268), (26, 3.3), (27, 3.332), (28, 3.368), (29, 3.418), (30, 3.432), (31, 3.467), (32, 3.516), (33, 3.55), (34, 3.582), (35, 3.617), (36, 3.667), (37, 3.701), (38, 3.732), (39, 3.768), (40, 3.8), (41, 3.85), (42, 3.867), (43, 3.9), (44, 3.95), (45, 3.982), (46, 4.018), (47, 4.051), (48, 4.083), (49, 4.133), (50, 4.168), (51, 4.201), (52, 4.232), (53, 4.267), (54, 4.301), (55, 4.332), (56, 4.382), (57, 4.417), (58, 4.45), (59, 4.482), (60, 4.517), (60, 4.717)]	04/08/22:14:36:36.317964	5568.968
49	35	female	8	Probraum	schuldig	0	4.616	[(None, 0.0), (60, 0.003), (59, 1.319), (58, 1.4), (57, 1.469), (56, 1.555), (55, 1.634), (54, 1.72), (53, 1.801), (52, 1.885), (51, 1.969), (50, 2.05), (49, 2.118), (48, 2.205), (47, 2.284), (46, 2.319), (45, 2.35), (44, 2.4), (43, 2.434), (42, 2.468), (41, 2.499), (40, 2.534), (39, 2.585), (38, 2.599), (37, 2.65), (36, 2.711), (35, 2.721), (34, 2.751), (33, 2.801), (32, 2.816), (31, 2.866), (30, 2.902), (29, 2.936), (28, 2.967), (27, 3.002), (26, 3.052), (25, 3.086), (24, 3.116), (23, 3.151), (22, 3.186), (21, 3.217), (20, 3.257), (19, 3.288), (18, 3.336), (17, 3.366), (16, 3.401), (15, 3.434), (14, 3.485), (13, 3.517), (12, 3.552), (11, 3.584), (10, 3.616), (9, 3.666), (8, 3.701), (7, 3.716), (6, 3.767), (5, 3.802), (4, 3.836), (3, 3.867), (2, 3.901), (1, 3.951), (0, 3.984), (0, 4.616)]	04/08/22:14:36:36.317964	5568.968
49	35	female	8	Probraum	aggressiv	49	4.481	[(None, 0.0), (0, 0.004), (1, 2.221), (2, 2.316), (3, 2.399), (4, 2.484), (5, 2.549), (6, 2.616), (7, 2.666), (8, 2.704), (9, 2.718), (10, 2.766), (11, 2.817), (12, 2.832), (13, 2.882), (14, 2.916), (15, 2.955), (16, 2.982), (17, 3.016), (18, 3.049), (19, 3.081), (20, 3.132), (21, 3.17), (22, 3.202), (23, 3.231), (24, 3.27), (25, 3.316), (26, 3.35), (27, 3.366), (28, 3.417), (29, 3.451), (30, 3.482), (31, 3.518), (32, 3.567), (33, 3.601), (34, 3.631), (35, 3.667), (36, 3.701), (37, 3.751), (38, 3.767), (39, 3.817), (40, 3.851), (41, 3.882), (42, 3.916), (43, 3.95), (44, 3.982), (45, 4.032), (46, 4.068), (47, 4.1), (48, 4.132), (49, 4.182), (49, 4.481)]	04/08/22:14:36:36.317964	5568.968
49	35	female	8	Probraum	schläfrig	49	1.767	[(None, 0.0), (49, 0.004), (49, 1.767)]	04/08/22:14:36:36.317964	5568.968
49	35	female	8	Probraum	aufgeregt	59	2.449	[(None, 0.0), (49, 0.004), (48, 0.05), (47, 0.135), (48, 1.319), (49, 1.4), (50, 1.485), (51, 1.55), (52, 1.635), (53, 1.736), (54, 1.8), (55, 1.885), (56, 1.95), (57, 2.05), (58, 2.136), (59, 2.2), (59, 2.449)]	04/08/22:14:36:36.317964	5568.968
49	35	female	8	Probraum	überrascht	59	1.631	[(None, 0.0), (59, 0.004), (59, 1.631)]	04/08/22:14:36:36.317964	5568.968
49	35	female	8	Probraum	verzweifelt	30	3.972	[(None, 0.0), (59, 0.008), (58, 2.042), (57, 2.122), (56, 2.208), (55, 2.29), (54, 2.372), (53, 2.456), (52, 2.523), (51, 2.623), (50, 2.708), (49, 2.772), (48, 2.859), (47, 2.942), (46, 3.023), (45, 3.057), (44, 3.107), (43, 3.141), (42, 3.172), (41, 3.207), (40, 3.257), (39, 3.293), (38, 3.323), (37, 3.357), (36, 3.39), (35, 3.441), (34, 3.458), (33, 3.507), (32, 3.541), (31, 3.572), (30, 3.607), (30, 3.972)]	04/08/22:14:36:36.317964	5568.968
49	35	female	8	Probraum	gestresst	95	4.267	[(None, 0.0), (30, 0.004), (31, 1.05), (32, 1.132), (33, 1.218), (34, 1.281), (35, 1.366), (36, 1.451), (37, 1.551), (38, 1.617), (39, 1.701), (40, 1.782), (41, 1.868), (42, 1.95), (43, 2.017), (44, 2.05), (45, 2.081), (46, 2.117), (47, 2.15), (48, 2.181), (49, 2.216), (50, 2.267), (51, 2.304), (52, 2.317), (53, 2.366), (54, 2.417), (55, 2.432), (56, 2.466), (57, 2.516), (58, 2.55), (59, 2.581), (60, 2.617), (61, 2.649), (62, 2.703), (63, 2.732), (64, 2.766), (65, 2.8), (66, 2.831), (67, 2.867), (68, 2.9), (69, 2.951), (70, 2.981), (71, 3.017), (72, 3.05), (73, 3.081), (74, 3.131), (75, 3.166), (76, 3.181), (77, 3.231), (78, 3.267), (79, 3.303), (80, 3.332), (81, 3.381), (82, 3.417), (83, 3.449), (84, 3.481), (85, 3.516), (86, 3.567), (87, 3.581), (88, 3.617), (89, 3.667), (90, 3.7), (91, 3.731), (92, 3.767), (93, 3.817), (94, 3.832), (95, 3.881), (95, 4.267)]	04/08/22:14:36:36.317964	5568.968
49	35	female	8	Probraum	furchtvoll	52	7.785	[(None, 0.0), (95, 0.003), (94, 0.969), (93, 1.05), (92, 1.136), (91, 1.199), (90, 1.285), (89, 1.384), (88, 1.45), (87, 1.55), (86, 1.618), (85, 1.7), (84, 1.785), (83, 1.868), (82, 1.935), (81, 1.985), (80, 2.021), (79, 2.05), (78, 2.084), (77, 2.135), (76, 2.15), (75, 2.199), (74, 2.234), (73, 2.268), (72, 2.299), (71, 2.349), (70, 2.385), (69, 2.418), (68, 2.449), (67, 2.484), (66, 2.518), (65, 2.549), (64, 2.6), (63, 2.635), (62, 2.668), (61, 2.7), (60, 2.735), (59, 2.785), (58, 3.503), (57, 3.568), (56, 3.65), (55, 3.733), (54, 3.819), (53, 4.134), (52, 7.201), (52, 7.785)]	04/08/22:14:36:36.317964	5568.968
