ID	age	sex	investigator	location	emotion	responserating	RTrating	choiceHistory	current_time	coreTrialStart
48	22	female	8	Probraum	awareSave_phone.png	0	18.638	[(None, 0.0), (0, 18.638)]	17:58:16.093161	2072.906
48	22	female	8	Probraum	awareSave_gun.png	100	9.5	[(None, 0.0), (0, 0.003), (1, 1.723), (2, 1.802), (11, 3.287), (12, 4.187), (13, 4.288), (14, 4.337), (15, 4.438), (16, 4.521), (17, 4.601), (18, 4.672), (19, 4.752), (20, 4.837), (21, 4.921), (22, 4.986), (23, 5.087), (24, 5.151), (25, 5.187), (26, 5.219), (27, 5.27), (28, 5.301), (29, 5.336), (30, 5.37), (31, 5.401), (32, 5.437), (33, 5.487), (34, 5.52), (35, 5.551), (36, 5.586), (37, 5.62), (38, 5.651), (39, 5.701), (40, 5.736), (41, 5.77), (42, 5.801), (43, 5.836), (44, 5.87), (45, 5.92), (46, 5.951), (47, 5.986), (48, 6.02), (49, 6.051), (50, 6.101), (51, 6.137), (52, 6.151), (53, 6.201), (54, 6.237), (55, 6.27), (56, 6.301), (57, 6.351), (58, 6.388), (59, 6.401), (60, 6.451), (61, 6.487), (62, 6.536), (63, 6.551), (64, 6.586), (65, 6.636), (66, 6.671), (67, 6.701), (68, 6.736), (69, 6.786), (70, 6.801), (71, 6.861), (72, 6.874), (73, 6.92), (74, 6.951), (75, 6.986), (76, 7.02), (77, 7.07), (78, 7.101), (79, 7.137), (80, 7.169), (81, 7.201), (82, 7.236), (83, 7.287), (84, 7.32), (85, 7.351), (86, 7.386), (87, 7.421), (88, 7.451), (89, 7.501), (90, 7.536), (91, 7.571), (92, 7.601), (93, 7.636), (94, 7.67), (95, 7.72), (96, 7.751), (97, 7.786), (98, 7.82), (99, 7.851), (100, 7.901), (100, 9.5)]	17:58:16.093161	2072.906
48	22	female	8	Probraum	awarelayers3__0001s_0002_Op_Gun.png	0	10.505	[(None, 0.0), (100, 0.004), (99, 2.569), (98, 2.656), (97, 2.738), (96, 2.819), (95, 2.888), (94, 2.969), (93, 3.069), (92, 3.139), (91, 3.169), (90, 3.219), (89, 3.255), (88, 3.305), (87, 3.319), (86, 3.354), (85, 3.405), (84, 3.438), (83, 3.469), (82, 3.505), (81, 3.555), (80, 3.569), (79, 3.619), (78, 3.654), (77, 3.688), (76, 3.719), (75, 3.754), (74, 3.788), (73, 3.839), (72, 3.854), (71, 3.904), (70, 3.938), (69, 3.969), (68, 4.005), (67, 4.054), (66, 4.088), (65, 4.119), (64, 4.155), (63, 4.188), (62, 4.219), (61, 4.269), (60, 4.305), (59, 4.338), (58, 4.369), (57, 4.405), (56, 4.438), (55, 4.489), (54, 4.519), (53, 4.554), (52, 4.589), (51, 4.619), (50, 4.669), (49, 4.704), (48, 4.719), (47, 4.769), (46, 4.805), (45, 4.838), (44, 4.869), (43, 4.904), (42, 4.955), (41, 4.969), (40, 5.019), (39, 5.054), (38, 5.105), (37, 5.119), (36, 5.155), (35, 5.205), (34, 5.239), (33, 5.269), (32, 5.305), (31, 5.339), (30, 5.389), (29, 5.419), (28, 5.455), (27, 5.488), (26, 5.519), (25, 5.554), (24, 5.588), (23, 5.638), (22, 5.669), (21, 5.705), (20, 5.738), (19, 5.769), (18, 5.804), (17, 5.856), (16, 5.88), (15, 5.926), (14, 5.954), (13, 5.985), (12, 6.021), (11, 6.071), (10, 6.105), (9, 6.136), (8, 6.186), (7, 6.221), (6, 6.236), (5, 6.286), (4, 6.321), (3, 6.354), (2, 6.386), (1, 6.422), (0, 6.471), (1, 8.836), (2, 8.871), (1, 9.486), (0, 9.572), (0, 10.504)]	17:58:16.093161	2072.906
48	22	female	8	Probraum	awarecontrolguy.png	0	2.674	[(None, 0.0), (0, 0.003), (0, 2.674)]	17:58:16.093161	2072.906
48	22	female	8	Probraum	awareguycaro.png	50	11.5	[(None, 0.0), (0, 0.004), (1, 1.501), (2, 1.586), (3, 2.369), (4, 2.451), (5, 2.52), (6, 2.6), (7, 2.686), (8, 2.77), (9, 2.836), (10, 2.936), (11, 3.019), (12, 3.101), (13, 3.186), (14, 3.25), (15, 3.337), (16, 3.369), (17, 3.4), (33, 4.236), (34, 4.836), (35, 4.92), (36, 5.001), (37, 5.086), (38, 5.15), (39, 5.236), (40, 5.487), (41, 5.57), (42, 5.67), (43, 5.735), (44, 5.82), (45, 6.22), (46, 6.3), (47, 6.369), (48, 6.601), (49, 7.069), (50, 7.15), (51, 7.22), (50, 7.937), (49, 8.001), (48, 8.086), (49, 8.601), (50, 9.186), (51, 9.25), (52, 9.336), (51, 9.819), (50, 9.887), (49, 9.97), (50, 10.601), (50, 11.5)]	17:58:16.093161	2072.906
48	22	female	8	Probraum	awarelayers3__0001s_0004_Op_HandBack.png	0	7.286	[(None, 0.0), (50, 0.003), (49, 2.287), (48, 2.369), (47, 2.454), (46, 2.538), (45, 2.604), (44, 2.688), (43, 2.768), (42, 2.854), (41, 2.918), (40, 3.018), (39, 3.105), (38, 3.187), (37, 3.254), (36, 3.287), (35, 3.338), (34, 3.368), (33, 3.403), (32, 3.437), (31, 3.468), (30, 3.518), (29, 3.554), (28, 3.568), (27, 3.618), (26, 3.654), (25, 3.687), (24, 3.718), (23, 3.754), (22, 3.804), (21, 3.846), (20, 3.857), (19, 3.903), (18, 3.954), (17, 3.968), (16, 4.004), (15, 4.055), (14, 4.068), (13, 4.118), (12, 4.154), (11, 4.187), (10, 4.218), (9, 4.268), (8, 4.303), (7, 4.337), (6, 4.368), (5, 4.403), (4, 4.454), (3, 4.487), (2, 4.504), (1, 4.553), (0, 4.604), (0, 7.286)]	17:58:16.093161	2072.906
48	22	female	8	Probraum	awarelayers3__0001s_0003_Op_Phone.png	0	3.753	[(None, 0.0), (0, 0.003), (0, 3.753)]	17:58:16.093161	2072.906
48	22	female	8	Probraum	awareyellow.PNG	0	4.692	[(None, 0.0), (0, 0.004), (0, 4.692)]	17:58:16.093161	2072.906
48	22	female	8	Probraum	awareblue.PNG	50	9.881	[(None, 0.0), (0, 0.004), (1, 4.182), (2, 4.265), (3, 4.346), (4, 4.446), (5, 4.515), (6, 4.596), (7, 4.682), (8, 4.765), (9, 4.832), (10, 4.915), (11, 4.996), (12, 5.082), (13, 5.166), (14, 5.215), (15, 5.264), (16, 5.295), (17, 5.331), (18, 5.365), (19, 5.395), (20, 5.446), (21, 5.481), (22, 5.514), (23, 5.546), (24, 5.596), (25, 5.631), (26, 5.646), (27, 5.696), (28, 5.732), (29, 5.764), (30, 5.795), (31, 5.831), (32, 5.882), (33, 5.915), (34, 5.945), (35, 5.981), (36, 6.032), (37, 6.046), (38, 6.081), (39, 6.131), (40, 6.546), (41, 6.632), (42, 6.715), (43, 6.781), (44, 6.865), (45, 6.946), (46, 7.032), (47, 7.481), (48, 7.565), (49, 8.015), (50, 8.096), (51, 8.182), (50, 8.782), (49, 8.846), (48, 8.946), (49, 9.366), (50, 9.446), (50, 9.881)]	17:58:16.093161	2072.906
48	22	female	8	Probraum	awareblack.PNG	50	3.365	[(None, 0.0), (50, 0.003), (50, 3.365)]	17:58:16.093161	2072.906
48	22	female	8	Probraum	ruhig	33	7.272	[(None, 0.0), (33, 7.272)]	04/05/22:18:38:58.129687	4514.937
48	22	female	8	Probraum	aggressiv	79	5.116	[(None, 0.0), (33, 0.004), (34, 1.881), (35, 1.97), (36, 2.049), (37, 2.13), (38, 2.217), (39, 2.286), (40, 2.38), (41, 2.466), (42, 2.549), (43, 2.618), (44, 2.699), (45, 2.781), (46, 2.865), (47, 2.916), (48, 2.95), (49, 2.983), (50, 3.019), (51, 3.048), (52, 3.099), (53, 3.13), (54, 3.165), (55, 3.199), (56, 3.231), (57, 3.266), (58, 3.315), (59, 3.349), (60, 3.381), (61, 3.416), (62, 3.448), (63, 3.499), (64, 3.531), (65, 3.566), (66, 3.599), (67, 3.631), (68, 3.666), (69, 3.699), (70, 3.75), (71, 3.78), (72, 3.816), (73, 3.85), (74, 4.35), (75, 4.431), (76, 4.5), (77, 4.615), (78, 4.7), (79, 4.78), (79, 5.116)]	04/05/22:18:38:58.129687	4514.937
48	22	female	8	Probraum	amüsiert	0	6.42	[(None, 0.0), (79, 0.004), (78, 1.018), (77, 1.099), (76, 1.185), (75, 1.267), (74, 1.349), (73, 1.435), (72, 1.522), (71, 1.599), (70, 1.667), (69, 1.75), (68, 1.839), (67, 1.917), (66, 1.984), (65, 2.049), (64, 2.1), (63, 2.134), (62, 2.167), (61, 2.199), (60, 2.234), (59, 2.267), (58, 2.318), (57, 2.335), (56, 2.388), (55, 2.419), (54, 2.449), (53, 2.488), (52, 2.518), (51, 2.567), (50, 2.599), (49, 2.634), (48, 2.667), (47, 2.699), (46, 2.74), (45, 2.767), (44, 2.799), (43, 2.85), (42, 2.885), (41, 2.918), (40, 2.949), (39, 2.985), (38, 3.035), (37, 3.069), (36, 3.099), (35, 3.137), (34, 3.168), (33, 3.199), (32, 3.234), (31, 3.284), (30, 3.318), (29, 3.35), (28, 3.384), (27, 3.434), (26, 3.467), (25, 3.499), (24, 3.535), (23, 3.569), (22, 3.618), (21, 3.635), (20, 3.685), (19, 3.717), (18, 3.749), (17, 3.788), (16, 3.802), (15, 3.849), (14, 3.885), (13, 3.918), (12, 3.952), (11, 3.987), (10, 4.0), (9, 4.049), (8, 4.084), (7, 4.1), (6, 4.135), (5, 4.168), (0, 5.95), (0, 6.42)]	04/05/22:18:38:58.129687	4514.937
48	22	female	8	Probraum	glücklich	0	1.583	[(None, 0.0), (0, 0.004), (0, 1.583)]	04/05/22:18:38:58.129687	4514.937
48	22	female	8	Probraum	ängstlich	0	4.95	[(None, 0.0), (0, 0.004), (1, 2.75), (2, 2.834), (3, 2.915), (4, 3.001), (5, 3.065), (4, 3.564), (3, 3.634), (2, 3.715), (1, 3.801), (0, 3.885), (0, 4.95)]	04/05/22:18:38:58.129687	4514.937
48	22	female	8	Probraum	wütend	44	4.618	[(None, 0.0), (0, 0.003), (1, 1.75), (2, 1.836), (3, 1.919), (4, 2.001), (5, 2.069), (6, 2.15), (7, 2.236), (8, 2.336), (9, 2.4), (10, 2.487), (11, 2.519), (12, 2.569), (13, 2.586), (14, 2.618), (15, 2.669), (16, 2.7), (17, 2.735), (18, 2.769), (19, 2.8), (20, 2.85), (21, 2.885), (22, 2.919), (23, 2.95), (24, 2.985), (25, 3.019), (26, 3.05), (27, 3.1), (28, 3.136), (29, 3.169), (30, 3.2), (31, 3.235), (32, 3.286), (33, 3.318), (34, 3.336), (35, 3.386), (36, 3.419), (37, 3.45), (38, 3.486), (39, 3.535), (40, 3.569), (41, 3.6), (42, 4.019), (43, 4.086), (44, 4.185), (44, 4.618)]	04/05/22:18:38:58.129687	4514.937
48	22	female	8	Probraum	nervös	0	6.465	[(None, 0.0), (0, 6.465)]	04/05/22:18:38:58.129687	4514.937
48	22	female	8	Probraum	überrascht	34	4.317	[(None, 0.0), (0, 0.003), (1, 2.302), (2, 2.384), (3, 2.469), (4, 2.555), (5, 2.633), (6, 2.702), (7, 2.801), (8, 2.868), (9, 2.952), (10, 3.033), (11, 3.068), (12, 3.118), (13, 3.152), (14, 3.183), (15, 3.217), (16, 3.267), (17, 3.301), (18, 3.333), (19, 3.368), (20, 3.401), (21, 3.451), (22, 3.468), (23, 3.501), (24, 3.551), (25, 3.582), (26, 3.619), (27, 3.651), (28, 3.683), (29, 3.734), (30, 3.767), (31, 3.811), (32, 3.825), (33, 3.867), (34, 3.901), (34, 4.317)]	04/05/22:18:38:58.129687	4514.937
48	22	female	8	Probraum	verantwortlich	0	3.6	[(None, 0.0), (34, 0.003), (33, 1.368), (32, 1.434), (31, 1.518), (30, 1.6), (29, 1.684), (28, 1.75), (27, 1.834), (26, 1.919), (25, 2.017), (24, 2.085), (23, 2.168), (22, 2.251), (21, 2.319), (20, 2.35), (19, 2.385), (18, 2.434), (17, 2.468), (16, 2.499), (15, 2.535), (14, 2.568), (13, 2.619), (12, 2.65), (11, 2.685), (10, 2.718), (9, 2.749), (8, 2.785), (7, 2.819), (6, 2.868), (5, 2.899), (4, 2.935), (3, 2.968), (2, 2.999), (1, 3.053), (0, 3.07), (0, 3.6)]	04/05/22:18:38:58.129687	4514.937
48	22	female	8	Probraum	aufgeregt	0	5.247	[(None, 0.0), (0, 0.004), (0, 5.247)]	04/05/22:18:38:58.129687	4514.937
48	22	female	8	Probraum	angeekelt	0	1.635	[(None, 0.0), (0, 0.003), (0, 1.635)]	04/05/22:18:38:58.129687	4514.937
48	22	female	8	Probraum	hilflos	0	1.332	[(None, 0.0), (0, 0.004), (0, 1.332)]	04/05/22:18:38:58.129687	4514.937
48	22	female	8	Probraum	traurig	6	3.401	[(None, 0.0), (0, 0.004), (1, 2.735), (2, 2.817), (3, 2.902), (4, 2.985), (5, 3.052), (6, 3.136), (6, 3.401)]	04/05/22:18:38:58.129687	4514.937
48	22	female	8	Probraum	ängstlich	7	3.867	[(None, 0.0), (6, 0.003), (5, 1.651), (4, 1.735), (3, 1.819), (2, 1.9), (1, 1.985), (0, 2.068), (1, 2.968), (2, 3.049), (3, 3.137), (4, 3.236), (5, 3.301), (6, 3.385), (7, 3.468), (7, 3.867)]	04/05/22:18:38:58.129687	4514.937
48	22	female	8	Probraum	fokussiert	4	6.684	[(None, 0.0), (7, 0.003), (8, 3.085), (7, 3.101), (6, 3.185), (5, 3.267), (4, 3.352), (3, 3.435), (2, 3.502), (1, 3.602), (0, 3.685), (1, 5.602), (2, 5.685), (3, 5.766), (4, 5.852), (4, 6.684)]	04/05/22:18:38:58.129687	4514.937
48	22	female	8	Probraum	angespannt	4	2.15	[(None, 0.0), (4, 0.004), (4, 2.15)]	04/05/22:18:38:58.129687	4514.937
48	22	female	8	Probraum	schläfrig	89	7.335	[(None, 0.0), (4, 0.003), (5, 2.018), (6, 2.1), (7, 2.184), (8, 2.269), (9, 2.335), (10, 2.419), (11, 2.5), (12, 2.587), (13, 2.668), (14, 2.736), (15, 2.834), (16, 2.918), (17, 2.999), (18, 3.034), (19, 3.068), (20, 3.099), (21, 3.14), (22, 3.149), (23, 3.19), (24, 3.234), (43, 3.886), (44, 4.305), (45, 4.401), (46, 4.486), (47, 4.55), (48, 4.637), (49, 4.719), (50, 4.799), (51, 4.885), (52, 4.95), (53, 5.035), (54, 5.119), (55, 5.2), (56, 5.284), (57, 5.319), (58, 5.369), (59, 5.403), (60, 5.436), (61, 5.468), (62, 5.499), (63, 5.549), (64, 5.584), (65, 5.618), (66, 5.65), (67, 5.686), (68, 5.718), (69, 5.749), (70, 5.799), (71, 5.834), (72, 5.867), (73, 5.904), (74, 5.934), (75, 5.985), (76, 6.019), (77, 6.034), (78, 6.084), (79, 6.118), (80, 6.15), (81, 6.185), (82, 6.234), (83, 6.268), (84, 6.303), (85, 6.337), (86, 6.386), (87, 6.42), (88, 6.436), (89, 6.484), (89, 7.335)]	04/05/22:18:38:58.129687	4514.937
48	22	female	8	Probraum	gestresst	16	5.035	[(None, 0.0), (89, 0.003), (88, 1.051), (87, 1.151), (86, 1.2), (85, 1.3), (84, 1.387), (83, 1.469), (82, 1.536), (81, 1.619), (80, 1.7), (79, 1.785), (78, 1.87), (77, 1.951), (76, 2.036), (75, 2.085), (74, 2.135), (73, 2.168), (72, 2.2), (71, 2.235), (70, 2.268), (69, 2.3), (68, 2.335), (67, 2.386), (66, 2.419), (65, 2.449), (64, 2.486), (63, 2.519), (62, 2.55), (61, 2.584), (60, 2.635), (59, 2.669), (58, 2.7), (57, 2.735), (56, 2.769), (55, 2.819), (54, 2.85), (53, 2.885), (52, 2.919), (51, 2.95), (50, 2.985), (49, 3.019), (48, 3.068), (47, 3.1), (46, 3.135), (45, 3.168), (44, 3.2), (43, 3.25), (42, 3.286), (41, 3.3), (40, 3.35), (39, 3.386), (38, 3.418), (37, 3.468), (36, 3.486), (35, 3.535), (34, 3.569), (33, 3.6), (32, 3.635), (31, 3.685), (30, 3.7), (29, 3.75), (28, 3.785), (27, 3.819), (26, 3.85), (25, 3.9), (24, 3.919), (23, 3.969), (22, 4.0), (21, 4.035), (20, 4.068), (19, 4.1), (18, 4.135), (17, 4.186), (16, 4.218), (16, 5.035)]	04/05/22:18:38:58.129687	4514.937
48	22	female	8	Probraum	furchtvoll	0	5.636	[(None, 0.0), (16, 0.003), (15, 2.086), (14, 2.17), (13, 2.25), (12, 2.336), (11, 2.42), (10, 2.505), (9, 2.588), (8, 2.668), (7, 2.736), (6, 2.818), (5, 2.9), (4, 2.986), (3, 3.05), (2, 3.122), (1, 3.169), (0, 3.199), (0, 5.636)]	04/05/22:18:38:58.129687	4514.937
48	22	female	8	Probraum	bedroht	44	4.75	[(None, 0.0), (0, 0.003), (1, 1.486), (2, 1.569), (3, 1.651), (4, 1.735), (5, 1.801), (6, 1.887), (7, 1.97), (8, 2.05), (9, 2.136), (10, 2.2), (11, 2.25), (12, 2.3), (13, 2.335), (14, 2.369), (15, 2.4), (16, 2.435), (17, 2.485), (18, 2.519), (19, 2.55), (20, 2.585), (21, 2.636), (22, 2.65), (23, 2.685), (24, 2.736), (25, 2.769), (26, 2.785), (27, 2.836), (28, 2.869), (29, 2.918), (30, 2.936), (31, 2.986), (32, 3.018), (33, 3.05), (34, 3.086), (35, 3.119), (36, 3.15), (37, 3.185), (38, 3.2), (44, 4.169), (44, 4.75)]	04/05/22:18:38:58.129687	4514.937
48	22	female	8	Probraum	schuldig	0	5.282	[(None, 0.0), (44, 0.004), (43, 2.668), (42, 2.733), (41, 2.818), (40, 2.901), (39, 2.982), (38, 3.068), (37, 3.152), (36, 3.218), (35, 3.302), (34, 3.382), (33, 3.468), (32, 3.55), (31, 3.617), (30, 3.651), (29, 3.7), (28, 3.718), (27, 3.768), (26, 3.801), (25, 3.832), (24, 3.868), (23, 3.901), (22, 3.932), (21, 3.967), (20, 4.001), (19, 4.055), (18, 4.084), (17, 4.117), (16, 4.151), (15, 4.182), (14, 4.232), (13, 4.267), (12, 4.3), (11, 4.332), (10, 4.367), (9, 4.401), (8, 4.454), (7, 4.47), (6, 4.516), (5, 4.555), (4, 4.582), (3, 4.617), (2, 4.668), (1, 4.682), (0, 4.732), (0, 5.282)]	04/05/22:18:38:58.129687	4514.937
