ID	age	sex	investigator	location	emotion	responserating	RTrating	choiceHistory	current_time	coreTrialStart
50	32	male	14	Probraum	awareSave_phone.png	50	25.422	[(None, 0.0), (50, 25.422)]	13:51:28.653366	2960.656
50	32	male	14	Probraum	awarelayers3__0001s_0002_Op_Gun.png	0	7.106	[(None, 0.0), (50, 0.003), (49, 1.807), (48, 1.891), (47, 1.972), (46, 2.057), (45, 2.131), (44, 2.206), (43, 2.29), (42, 2.372), (41, 2.457), (40, 2.54), (39, 2.62), (38, 2.706), (37, 2.79), (36, 2.842), (35, 2.87), (34, 2.906), (33, 2.956), (32, 2.97), (31, 3.006), (30, 3.056), (29, 3.09), (28, 3.12), (27, 3.156), (26, 3.206), (25, 3.239), (24, 3.27), (23, 3.307), (22, 3.339), (21, 3.37), (20, 3.406), (19, 3.439), (18, 3.489), (17, 3.52), (16, 3.556), (15, 3.589), (14, 3.62), (13, 3.671), (12, 3.706), (11, 3.739), (10, 3.77), (9, 3.805), (8, 3.839), (7, 3.87), (6, 3.921), (5, 3.955), (4, 3.989), (3, 4.02), (2, 4.055), (1, 4.106), (0, 4.139), (0, 7.106)]	13:51:28.653366	2960.656
50	32	male	14	Probraum	awarelayers3__0001s_0003_Op_Phone.png	0	3.688	[(None, 0.0), (0, 0.003), (0, 3.688)]	13:51:28.653366	2960.656
50	32	male	14	Probraum	awarelayers3__0001s_0004_Op_HandBack.png	0	1.519	[(None, 0.0), (0, 0.004), (0, 1.519)]	13:51:28.653366	2960.656
50	32	male	14	Probraum	awareSave_gun.png	50	8.618	[(None, 0.0), (0, 0.004), (1, 1.337), (2, 1.419), (3, 1.505), (4, 1.605), (5, 1.668), (6, 1.754), (7, 1.838), (8, 1.904), (9, 1.937), (10, 1.953), (11, 2.004), (12, 2.037), (13, 2.068), (14, 2.103), (15, 2.154), (16, 2.187), (17, 2.218), (18, 2.253), (19, 2.287), (20, 2.337), (21, 2.354), (22, 2.403), (23, 2.437), (24, 2.468), (25, 2.504), (26, 2.537), (27, 2.568), (28, 2.604), (29, 2.654), (30, 2.687), (31, 2.718), (32, 2.754), (33, 2.804), (34, 2.818), (35, 2.868), (36, 2.904), (37, 2.938), (38, 2.954), (39, 3.004), (40, 3.337), (41, 3.404), (42, 3.505), (43, 3.654), (51, 4.804), (52, 4.818), (51, 5.119), (50, 5.487), (49, 5.554), (50, 6.038), (50, 8.618)]	13:51:28.653366	2960.656
50	32	male	14	Probraum	awarecontrolguy.png	0	6.675	[(None, 0.0), (50, 0.004), (49, 2.412), (48, 2.511), (47, 2.575), (46, 2.661), (45, 2.725), (44, 2.826), (43, 2.911), (42, 2.994), (41, 3.061), (40, 3.144), (39, 3.225), (38, 3.312), (37, 3.375), (36, 3.411), (35, 3.445), (34, 3.475), (33, 3.51), (32, 3.544), (31, 3.594), (30, 3.625), (29, 3.66), (28, 3.694), (27, 3.744), (26, 3.761), (25, 3.81), (24, 3.844), (23, 3.875), (22, 3.911), (21, 3.961), (20, 3.975), (19, 4.025), (18, 4.061), (17, 4.094), (16, 4.125), (15, 4.175), (14, 4.211), (13, 4.244), (12, 4.275), (11, 4.311), (10, 4.344), (9, 4.395), (8, 4.425), (7, 4.444), (6, 4.494), (5, 4.525), (4, 4.575), (3, 4.594), (2, 4.625), (1, 4.675), (0, 5.212), (0, 6.675)]	13:51:28.653366	2960.656
50	32	male	14	Probraum	awareguycaro.png	50	6.988	[(None, 0.0), (0, 0.004), (1, 1.204), (2, 1.288), (3, 1.369), (4, 1.455), (5, 1.519), (6, 1.605), (7, 1.688), (8, 1.769), (9, 1.838), (10, 1.938), (11, 2.02), (12, 2.054), (13, 2.104), (14, 2.119), (15, 2.191), (16, 2.205), (17, 2.219), (18, 2.268), (19, 2.304), (20, 2.355), (21, 2.387), (22, 2.419), (23, 2.454), (24, 2.505), (25, 2.523), (26, 2.556), (27, 2.604), (28, 2.938), (29, 3.039), (30, 3.104), (31, 3.188), (32, 3.273), (33, 3.354), (34, 3.419), (35, 3.506), (36, 3.719), (37, 3.819), (38, 3.888), (39, 4.054), (40, 4.138), (41, 4.219), (42, 4.308), (43, 4.387), (44, 4.455), (45, 4.738), (46, 4.819), (47, 5.054), (48, 5.138), (49, 5.404), (50, 5.919), (51, 5.969), (50, 6.519), (50, 6.988)]	13:51:28.653366	2960.656
50	32	male	14	Probraum	awareyellow.PNG	0	8.493	[(None, 0.0), (50, 0.004), (49, 2.675), (48, 2.761), (47, 2.844), (46, 2.925), (45, 3.011), (44, 3.094), (43, 3.175), (42, 3.261), (41, 3.325), (40, 3.41), (39, 3.494), (38, 3.576), (37, 3.663), (36, 3.694), (35, 3.725), (34, 3.76), (33, 3.811), (32, 3.843), (31, 3.875), (30, 3.91), (29, 3.961), (28, 3.975), (27, 4.01), (26, 4.061), (25, 4.093), (24, 4.125), (23, 4.16), (22, 4.194), (21, 4.244), (20, 4.275), (19, 4.31), (18, 4.344), (17, 4.374), (16, 4.41), (15, 4.444), (14, 4.494), (13, 4.525), (12, 4.56), (11, 4.594), (10, 4.625), (9, 4.675), (8, 4.71), (7, 4.725), (6, 4.775), (5, 4.81), (4, 4.843), (3, 4.875), (2, 4.91), (1, 4.961), (0, 4.993), (0, 8.493)]	13:51:28.653366	2960.656
50	32	male	14	Probraum	awareblack.PNG	100	6.781	[(None, 0.0), (0, 0.003), (1, 1.082), (2, 1.182), (3, 1.246), (4, 1.346), (5, 1.396), (6, 1.496), (7, 1.582), (8, 1.665), (9, 1.731), (10, 1.815), (11, 1.896), (12, 1.932), (13, 1.982), (14, 1.996), (15, 2.046), (16, 2.082), (17, 2.115), (18, 2.146), (19, 2.196), (20, 2.231), (21, 2.265), (22, 2.296), (23, 2.331), (24, 2.365), (25, 2.415), (26, 2.431), (27, 2.481), (28, 2.515), (29, 2.546), (30, 2.581), (31, 2.631), (32, 2.646), (33, 2.696), (34, 2.732), (35, 2.764), (36, 2.796), (37, 2.846), (38, 2.881), (39, 2.914), (40, 2.946), (41, 2.981), (42, 3.031), (43, 3.046), (44, 3.081), (45, 3.131), (46, 3.164), (47, 3.196), (48, 3.231), (49, 3.282), (50, 3.315), (51, 3.331), (52, 3.382), (53, 3.415), (54, 3.465), (55, 3.481), (56, 3.515), (57, 3.565), (58, 3.596), (59, 3.631), (60, 3.665), (61, 3.696), (62, 3.731), (63, 3.781), (64, 3.815), (65, 3.846), (66, 3.892), (67, 3.919), (68, 3.946), (69, 3.996), (70, 4.032), (71, 4.064), (72, 4.095), (73, 4.131), (74, 4.165), (75, 4.215), (76, 4.231), (77, 4.281), (78, 4.315), (79, 4.346), (80, 4.381), (81, 4.431), (82, 4.446), (83, 4.496), (84, 4.531), (85, 4.565), (86, 4.596), (87, 4.646), (88, 4.681), (89, 4.714), (90, 4.746), (91, 4.781), (92, 4.832), (93, 4.846), (94, 4.881), (95, 4.932), (96, 4.965), (97, 4.996), (98, 5.031), (99, 5.082), (100, 5.115), (100, 6.781)]	13:51:28.653366	2960.656
50	32	male	14	Probraum	awareblue.PNG	50	6.265	[(None, 0.0), (100, 0.003), (99, 0.799), (98, 0.88), (97, 0.967), (96, 1.05), (95, 1.116), (94, 1.2), (93, 1.3), (92, 1.381), (91, 1.45), (90, 1.531), (89, 1.616), (88, 1.631), (87, 1.68), (86, 1.716), (85, 1.749), (84, 1.78), (83, 1.83), (82, 1.849), (81, 1.899), (80, 1.93), (79, 1.966), (78, 1.999), (77, 2.03), (76, 2.066), (75, 2.116), (74, 2.149), (73, 2.18), (72, 2.216), (71, 2.266), (70, 2.481), (69, 2.581), (68, 2.666), (67, 2.75), (66, 2.816), (65, 2.9), (64, 2.98), (63, 3.067), (62, 3.13), (61, 3.216), (60, 3.481), (59, 3.566), (58, 3.666), (57, 3.849), (56, 3.931), (55, 4.13), (54, 4.217), (53, 4.5), (52, 4.581), (51, 4.899), (50, 5.28), (49, 5.35), (50, 5.799), (50, 6.265)]	13:51:28.653366	2960.656
50	32	male	14	Probraum	verzweifelt	89	6.995	[(None, 0.0), (89, 6.995)]	04/07/22:14:34:24.245054	5536.25
50	32	male	14	Probraum	traurig	0	8.034	[(None, 0.0), (89, 0.004), (88, 2.216), (87, 2.302), (86, 2.366), (85, 2.452), (84, 2.535), (83, 2.616), (82, 2.702), (81, 2.766), (80, 2.866), (79, 2.935), (78, 3.016), (77, 3.101), (76, 3.166), (75, 3.201), (74, 3.234), (73, 3.267), (72, 3.316), (71, 3.35), (70, 3.384), (69, 3.416), (68, 3.466), (67, 3.501), (66, 3.516), (65, 3.566), (64, 3.602), (63, 3.635), (62, 3.665), (61, 3.701), (60, 3.752), (59, 3.784), (58, 3.815), (57, 3.851), (56, 3.901), (55, 3.916), (54, 3.966), (53, 4.001), (52, 4.035), (51, 4.066), (50, 4.116), (49, 4.151), (48, 4.185), (47, 4.216), (46, 4.251), (45, 4.285), (44, 4.334), (43, 4.366), (42, 4.401), (41, 4.434), (40, 4.466), (39, 4.501), (38, 4.552), (37, 4.584), (36, 4.601), (35, 4.651), (34, 4.684), (33, 4.735), (32, 4.751), (31, 4.801), (30, 4.835), (29, 4.866), (28, 4.901), (27, 4.935), (26, 4.985), (25, 5.001), (24, 5.035), (23, 5.085), (22, 5.116), (21, 5.151), (20, 5.185), (19, 5.215), (18, 5.735), (17, 5.802), (16, 5.885), (15, 5.966), (14, 6.062), (13, 6.134), (12, 6.201), (11, 6.285), (10, 6.366), (9, 6.453), (8, 6.552), (7, 6.601), (6, 6.703), (5, 6.751), (4, 6.784), (3, 7.335), (2, 7.435), (1, 7.501), (0, 7.602), (0, 8.034)]	04/07/22:14:34:24.245054	5536.25
50	32	male	14	Probraum	gestresst	67	5.984	[(None, 0.0), (0, 0.004), (1, 2.051), (2, 2.135), (3, 2.215), (4, 2.301), (5, 2.366), (6, 2.466), (7, 2.551), (8, 2.634), (9, 2.701), (10, 2.784), (11, 2.834), (12, 2.884), (13, 2.915), (14, 2.951), (15, 2.984), (16, 3.019), (17, 3.065), (18, 3.1), (19, 3.115), (20, 3.166), (21, 3.201), (22, 3.234), (23, 3.265), (24, 3.316), (25, 3.351), (26, 3.384), (27, 3.415), (28, 3.45), (29, 3.501), (30, 3.516), (31, 3.55), (32, 3.601), (33, 3.634), (34, 3.665), (35, 3.7), (36, 3.751), (37, 3.784), (38, 3.801), (39, 3.851), (40, 3.884), (41, 3.915), (42, 3.951), (43, 4.001), (44, 4.034), (45, 4.065), (46, 4.1), (47, 4.134), (48, 4.185), (49, 4.201), (50, 4.25), (51, 4.284), (52, 4.315), (53, 4.35), (54, 4.401), (55, 4.416), (56, 4.466), (57, 4.501), (58, 4.534), (59, 4.565), (60, 4.616), (61, 5.085), (62, 5.166), (63, 5.252), (64, 5.316), (65, 5.401), (66, 5.485), (67, 5.566), (67, 5.984)]	04/07/22:14:34:24.245054	5536.25
50	32	male	14	Probraum	angeekelt	3	6.714	[(None, 0.0), (67, 0.004), (66, 3.435), (65, 3.515), (64, 3.601), (63, 3.684), (62, 3.765), (61, 3.851), (60, 3.934), (59, 4.015), (58, 4.101), (57, 4.165), (56, 4.251), (55, 4.334), (54, 4.415), (53, 4.45), (52, 4.483), (51, 4.534), (50, 4.55), (49, 4.584), (48, 4.634), (47, 4.665), (46, 4.7), (45, 4.733), (44, 4.765), (43, 4.816), (42, 4.85), (41, 4.883), (40, 4.915), (39, 4.95), (38, 4.984), (37, 5.034), (36, 5.069), (35, 5.102), (34, 5.133), (33, 5.164), (32, 5.201), (31, 5.251), (30, 5.284), (29, 5.314), (28, 5.35), (27, 5.384), (26, 5.415), (25, 5.465), (24, 5.5), (23, 5.515), (22, 5.564), (21, 5.6), (20, 5.634), (19, 5.664), (18, 5.715), (17, 5.75), (16, 5.785), (15, 5.814), (14, 5.85), (13, 5.901), (12, 5.915), (11, 5.95), (10, 6.001), (9, 6.034), (8, 6.064), (7, 6.1), (6, 6.151), (5, 6.184), (4, 6.214), (3, 6.251), (3, 6.714)]	04/07/22:14:34:24.245054	5536.25
50	32	male	14	Probraum	amüsiert	23	3.8	[(None, 0.0), (3, 0.004), (4, 2.05), (5, 2.118), (6, 2.201), (7, 2.302), (8, 2.368), (9, 2.451), (10, 2.532), (11, 2.618), (12, 2.701), (13, 2.782), (14, 2.851), (15, 2.952), (16, 3.018), (17, 3.082), (18, 3.117), (19, 3.151), (20, 3.182), (21, 3.217), (22, 3.251), (23, 3.282), (23, 3.8)]	04/07/22:14:34:24.245054	5536.25
50	32	male	14	Probraum	aufgeregt	60	5.1	[(None, 0.0), (23, 0.004), (24, 1.765), (25, 1.851), (26, 1.915), (27, 2.001), (28, 2.084), (29, 2.165), (30, 2.234), (31, 2.315), (32, 2.401), (33, 2.501), (34, 2.565), (35, 2.901), (36, 2.984), (37, 3.065), (38, 3.134), (39, 3.215), (40, 3.301), (41, 3.384), (42, 3.465), (43, 3.535), (44, 3.635), (45, 3.715), (46, 3.801), (47, 3.865), (48, 3.915), (49, 3.95), (50, 3.983), (51, 4.015), (52, 4.051), (53, 4.083), (54, 4.134), (55, 4.151), (56, 4.2), (57, 4.233), (58, 4.265), (59, 4.3), (60, 5.015), (60, 5.1)]	04/07/22:14:34:24.245054	5536.25
50	32	male	14	Probraum	aggressiv	77	4.185	[(None, 0.0), (60, 0.003), (61, 1.369), (62, 1.45), (63, 1.551), (64, 1.6), (65, 1.701), (66, 1.786), (67, 1.869), (68, 1.936), (69, 2.019), (70, 2.55), (71, 2.636), (72, 2.719), (73, 3.169), (74, 3.25), (75, 3.386), (76, 3.45), (77, 3.536), (77, 4.185)]	04/07/22:14:34:24.245054	5536.25
50	32	male	14	Probraum	wütend	77	1.369	[(None, 0.0), (77, 0.003), (77, 1.369)]	04/07/22:14:34:24.245054	5536.25
50	32	male	14	Probraum	bedroht	77	3.634	[(None, 0.0), (77, 0.004), (77, 3.634)]	04/07/22:14:34:24.245054	5536.25
50	32	male	14	Probraum	hilflos	79	2.3	[(None, 0.0), (77, 0.004), (78, 1.685), (79, 1.766), (79, 2.3)]	04/07/22:14:34:24.245054	5536.25
50	32	male	14	Probraum	verantwortlich	60	4.685	[(None, 0.0), (79, 0.003), (78, 2.135), (77, 2.219), (76, 2.3), (75, 2.386), (74, 2.45), (73, 2.536), (72, 2.637), (59, 3.369), (58, 3.385), (59, 3.669), (60, 3.769), (60, 4.685)]	04/07/22:14:34:24.245054	5536.25
50	32	male	14	Probraum	angespannt	71	3.285	[(None, 0.0), (60, 0.003), (61, 1.736), (62, 1.837), (63, 1.9), (64, 1.986), (65, 2.069), (66, 2.163), (67, 2.235), (68, 2.653), (69, 2.736), (70, 2.953), (71, 3.037), (71, 3.285)]	04/07/22:14:34:24.245054	5536.25
50	32	male	14	Probraum	ängstlich	50	8.3	[(None, 0.0), (71, 0.004), (72, 2.084), (71, 2.534), (70, 2.601), (69, 2.951), (68, 3.052), (67, 3.115), (66, 3.334), (65, 3.865), (64, 3.965), (63, 4.685), (62, 5.215), (61, 5.301), (60, 5.701), (59, 5.784), (58, 5.865), (57, 5.934), (56, 6.315), (55, 6.551), (54, 6.635), (53, 6.7), (52, 6.951), (51, 7.401), (50, 7.851), (50, 8.3)]	04/07/22:14:34:24.245054	5536.25
50	32	male	14	Probraum	fokussiert	66	3.035	[(None, 0.0), (50, 0.003), (49, 1.269), (50, 1.286), (51, 1.35), (52, 1.45), (53, 1.536), (54, 1.62), (55, 1.686), (56, 1.768), (57, 1.85), (58, 1.936), (59, 2.0), (60, 2.087), (61, 2.169), (62, 2.269), (63, 2.336), (64, 2.35), (65, 2.386), (66, 2.436), (66, 3.035)]	04/07/22:14:34:24.245054	5536.25
50	32	male	14	Probraum	furchtvoll	25	5.449	[(None, 0.0), (66, 0.003), (65, 2.069), (64, 2.151), (63, 2.236), (62, 2.3), (61, 2.401), (60, 2.486), (59, 2.57), (58, 2.65), (57, 2.719), (56, 2.801), (55, 2.886), (54, 2.969), (53, 3.019), (52, 3.035), (51, 3.086), (50, 3.119), (49, 3.15), (48, 3.185), (47, 3.236), (46, 3.269), (45, 3.3), (44, 3.335), (43, 3.369), (42, 3.42), (41, 3.435), (40, 3.485), (39, 3.519), (38, 3.55), (37, 3.585), (36, 3.619), (35, 3.65), (34, 3.7), (33, 3.736), (32, 3.768), (31, 4.101), (30, 4.201), (29, 4.286), (28, 4.35), (27, 4.436), (26, 4.851), (25, 4.951), (25, 5.449)]	04/07/22:14:34:24.245054	5536.25
50	32	male	14	Probraum	nervös	66	5.544	[(None, 0.0), (25, 0.006), (26, 2.196), (27, 2.277), (28, 2.362), (29, 2.445), (30, 2.512), (31, 2.613), (32, 2.676), (33, 2.762), (34, 2.845), (35, 2.926), (36, 3.012), (37, 3.096), (38, 3.161), (39, 3.211), (40, 3.226), (41, 3.276), (42, 3.311), (43, 3.344), (44, 3.376), (45, 3.434), (46, 3.46), (47, 3.476), (48, 3.526), (49, 3.561), (50, 3.612), (51, 3.626), (52, 3.676), (53, 3.712), (54, 3.744), (55, 3.775), (56, 3.811), (57, 3.862), (58, 3.876), (59, 4.226), (60, 4.312), (61, 4.476), (62, 4.577), (63, 4.745), (64, 4.812), (65, 4.976), (66, 5.062), (66, 5.544)]	04/07/22:14:34:24.245054	5536.25
50	32	male	14	Probraum	schläfrig	25	13.465	[(None, 0.0), (66, 0.004), (65, 8.851), (64, 8.916), (63, 9.015), (62, 9.084), (61, 9.165), (60, 9.251), (59, 9.334), (58, 9.415), (57, 9.501), (56, 9.567), (55, 9.666), (54, 9.75), (53, 9.816), (52, 9.866), (51, 9.9), (50, 9.951), (49, 9.975), (48, 10.004), (47, 10.049), (46, 10.083), (45, 10.1), (44, 10.151), (43, 10.184), (42, 10.215), (41, 10.251), (40, 10.301), (39, 10.334), (38, 10.365), (37, 10.401), (36, 10.434), (35, 10.484), (34, 10.5), (33, 10.55), (32, 10.585), (31, 10.615), (30, 10.65), (29, 10.699), (28, 10.715), (27, 10.765), (26, 10.801), (25, 11.434), (24, 11.501), (23, 11.585), (24, 12.051), (25, 12.134), (25, 13.465)]	04/07/22:14:34:24.245054	5536.25
50	32	male	14	Probraum	überrascht	40	6.432	[(None, 0.0), (25, 0.004), (26, 4.067), (27, 4.167), (28, 4.25), (29, 4.333), (30, 4.4), (31, 4.483), (32, 4.568), (33, 4.651), (34, 4.718), (35, 4.801), (36, 4.882), (37, 4.982), (38, 5.031), (39, 5.101), (40, 5.417), (41, 5.501), (40, 5.982), (40, 6.432)]	04/07/22:14:34:24.245054	5536.25
50	32	male	14	Probraum	glücklich	20	5.3	[(None, 0.0), (40, 0.005), (39, 3.317), (38, 3.401), (37, 3.501), (36, 3.582), (35, 3.651), (34, 3.751), (33, 3.832), (32, 3.901), (31, 3.982), (30, 4.068), (29, 4.151), (28, 4.218), (27, 4.319), (26, 4.332), (25, 4.381), (24, 4.417), (23, 4.45), (22, 4.481), (21, 4.517), (20, 4.55), (20, 5.3)]	04/07/22:14:34:24.245054	5536.25
50	32	male	14	Probraum	schuldig	37	4.933	[(None, 0.0), (20, 0.004), (21, 2.515), (22, 2.584), (23, 2.665), (24, 2.751), (25, 2.851), (26, 2.915), (27, 3.001), (28, 3.094), (29, 3.164), (30, 3.235), (31, 3.314), (32, 3.401), (33, 3.464), (34, 4.115), (35, 4.201), (36, 4.485), (37, 4.565), (37, 4.933)]	04/07/22:14:34:24.245054	5536.25
50	32	male	14	Probraum	gespannt	63	4.05	[(None, 0.0), (37, 0.004), (38, 1.901), (39, 1.966), (40, 2.066), (41, 2.151), (42, 2.235), (43, 2.301), (44, 2.385), (45, 2.466), (46, 2.552), (47, 2.619), (48, 2.716), (49, 2.801), (50, 2.866), (51, 2.9), (52, 2.934), (53, 2.985), (54, 3.015), (55, 3.034), (56, 3.085), (57, 3.115), (58, 3.15), (59, 3.184), (60, 3.215), (61, 3.265), (62, 3.301), (63, 3.333), (63, 4.05)]	04/07/22:14:34:24.245054	5536.25
50	32	male	14	Probraum	ängstlich	24	8.085	[(None, 0.0), (63, 0.003), (62, 1.187), (61, 1.269), (60, 1.35), (59, 1.436), (58, 1.519), (57, 1.589), (56, 1.685), (55, 1.751), (54, 1.835), (53, 1.9), (52, 2.35), (51, 2.436), (50, 2.519), (49, 2.586), (48, 2.669), (47, 2.751), (46, 2.835), (45, 3.769), (44, 3.85), (43, 3.936), (42, 4.019), (41, 4.1), (40, 6.336), (39, 6.436), (38, 6.5), (37, 6.6), (36, 6.67), (35, 6.751), (34, 6.836), (33, 6.919), (32, 6.986), (31, 7.087), (30, 7.15), (29, 7.236), (28, 7.3), (27, 7.35), (26, 7.385), (25, 7.418), (24, 7.449), (24, 8.085)]	04/07/22:14:34:24.245054	5536.25
50	32	male	14	Probraum	ruhig	38	5.62	[(None, 0.0), (24, 0.003), (25, 4.17), (26, 4.237), (27, 4.33), (28, 4.401), (29, 4.487), (30, 4.551), (31, 4.636), (32, 4.726), (33, 4.82), (34, 4.886), (35, 4.969), (36, 5.051), (37, 5.136), (38, 5.169), (38, 5.62)]	04/07/22:14:34:24.245054	5536.25
50	32	male	14	Probraum	black.PNG	74	8.579	[(None, 0.0), (38, 0.004), (39, 2.662), (40, 2.746), (41, 2.831), (42, 2.911), (43, 2.997), (44, 3.061), (45, 3.147), (46, 3.23), (47, 3.311), (48, 3.397), (49, 3.465), (50, 3.562), (51, 3.63), (52, 3.663), (53, 3.699), (54, 3.746), (55, 3.779), (56, 3.811), (57, 3.846), (58, 3.897), (59, 3.93), (60, 5.461), (61, 5.547), (62, 5.63), (63, 5.796), (64, 5.861), (65, 6.061), (66, 6.212), (67, 6.312), (68, 6.461), (69, 6.548), (70, 6.746), (71, 6.811), (72, 7.031), (73, 7.107), (74, 7.53), (74, 8.579)]	04/07/22:14:34:24.245054	5536.25
50	32	male	14	Probraum	yellow.PNG	17	4.31	[(None, 0.0), (74, 0.004), (73, 1.06), (72, 1.161), (71, 1.245), (70, 1.31), (69, 1.396), (68, 1.479), (67, 1.56), (66, 1.646), (65, 1.71), (64, 1.81), (63, 1.88), (62, 1.96), (61, 2.02), (60, 2.062), (59, 2.095), (58, 2.13), (57, 2.161), (56, 2.21), (55, 2.245), (54, 2.278), (53, 2.31), (52, 2.345), (51, 2.395), (50, 2.41), (49, 2.445), (48, 2.496), (47, 2.545), (46, 2.56), (45, 2.595), (44, 2.646), (43, 2.679), (42, 2.71), (41, 2.745), (40, 2.778), (39, 2.829), (38, 2.86), (37, 2.895), (36, 2.929), (35, 2.96), (34, 2.995), (33, 3.029), (32, 3.079), (31, 3.109), (30, 3.145), (29, 3.178), (28, 3.21), (27, 3.26), (26, 3.295), (25, 3.328), (24, 3.36), (23, 3.395), (22, 3.428), (21, 3.479), (20, 3.496), (19, 3.545), (18, 3.579), (17, 3.61), (17, 4.31)]	04/07/22:14:34:24.245054	5536.25
50	32	male	14	Probraum	blue.PNG	51	8.514	[(None, 0.0), (17, 0.004), (18, 2.265), (19, 2.365), (20, 2.45), (21, 2.534), (22, 2.611), (23, 2.682), (24, 3.15), (25, 3.233), (26, 3.3), (27, 3.384), (28, 3.484), (29, 3.564), (30, 3.661), (31, 3.714), (32, 3.814), (31, 4.666), (30, 4.764), (29, 4.85), (30, 5.718), (31, 5.799), (32, 5.884), (33, 5.983), (34, 6.049), (35, 6.133), (36, 6.215), (37, 6.3), (38, 6.384), (39, 6.45), (40, 6.549), (41, 6.614), (42, 6.714), (43, 6.749), (44, 6.782), (45, 7.164), (46, 7.25), (47, 7.433), (48, 7.514), (49, 7.714), (50, 7.899), (51, 7.965), (51, 8.514)]	04/07/22:14:34:24.245054	5536.25
50	32	male	14	Probraum	gaming	100	8.975	[(None, 0.0), (51, 0.004), (52, 4.726), (53, 4.813), (54, 4.893), (55, 4.962), (56, 5.044), (57, 5.125), (58, 5.211), (59, 5.295), (60, 5.375), (61, 5.461), (62, 5.544), (63, 5.626), (64, 5.694), (65, 5.711), (66, 5.76), (67, 5.794), (68, 5.825), (69, 5.86), (70, 5.911), (71, 5.944), (72, 5.975), (73, 6.01), (74, 6.044), (75, 6.094), (76, 6.11), (77, 6.171), (78, 6.181), (79, 6.225), (80, 6.259), (81, 6.294), (82, 6.325), (83, 6.375), (84, 6.41), (85, 6.444), (86, 6.475), (87, 6.525), (88, 6.544), (89, 6.575), (90, 6.625), (91, 6.661), (92, 6.693), (93, 6.725), (94, 6.76), (95, 6.811), (96, 6.844), (97, 6.875), (98, 6.91), (99, 6.961), (100, 6.975), (100, 8.975)]	04/07/22:14:34:24.245054	5536.25
50	32	male	14	Probraum	bindung	74	5.317	[(None, 0.0), (100, 0.004), (99, 2.501), (98, 2.582), (97, 2.668), (96, 2.768), (95, 2.832), (94, 2.918), (93, 3.001), (92, 3.082), (91, 3.15), (90, 3.2), (89, 3.25), (88, 3.281), (87, 3.317), (86, 3.35), (85, 3.384), (84, 3.432), (83, 3.466), (82, 3.5), (81, 3.532), (80, 3.582), (79, 3.617), (78, 4.517), (77, 4.601), (76, 4.682), (75, 4.768), (74, 4.832), (74, 5.317)]	04/07/22:14:34:24.245054	5536.25
50	32	male	14	Probraum	shock	77	5.415	[(None, 0.0), (74, 0.004), (75, 4.666), (76, 4.734), (77, 4.834), (77, 5.415)]	04/07/22:14:34:24.245054	5536.25
50	32	male	14	Probraum	shock_avoidance	83	6.031	[(None, 0.0), (77, 0.003), (76, 3.701), (77, 4.117), (78, 4.201), (79, 4.732), (80, 4.801), (81, 5.082), (82, 5.182), (83, 5.467), (83, 6.031)]	04/07/22:14:34:24.245054	5536.25
